240.770 267.027 41.900 0.000 0.000 1.872 2.10 0.15 -0.15
239.881 178.540 41.900 0.000 0.000 1.852 2.10 0.15 -0.15
132.341 309.057 41.900 0.000 0.000 1.885 2.10 0.15 -0.15
189.310 345.606 41.900 0.000 0.000 1.859 2.10 0.15 -0.15
237.341 311.036 41.900 0.000 0.000 1.873 2.10 0.15 -0.15
235.845 398.531 41.900 0.000 0.000 1.890 2.10 0.15 -0.15
135.215 387.106 41.900 0.000 0.000 1.871 2.10 0.15 -0.15
281.813 395.430 41.900 0.000 0.000 1.918 2.10 0.15 -0.15
338.211 353.872 41.900 0.000 0.000 1.952 2.10 0.15 -0.15
397.348 326.491 41.900 0.000 0.000 1.886 2.10 0.15 -0.15
398.951 392.316 41.900 0.000 0.000 1.919 2.10 0.15 -0.15
279.540 314.129 41.900 0.000 0.000 1.885 2.10 0.15 -0.15
281.265 272.351 41.900 0.000 0.000 1.865 2.10 0.15 -0.15
342.596 241.435 41.900 0.000 0.000 1.913 2.10 0.15 -0.15
400.089 218.224 41.900 0.000 0.000 1.887 2.10 0.15 -0.15
399.905 284.222 41.900 0.000 0.000 1.863 2.10 0.15 -0.15
278.730 187.139 41.900 0.000 0.000 1.889 2.10 0.15 -0.15
444.337 387.715 41.900 0.000 0.000 1.864 2.10 0.15 -0.15
572.164 319.042 41.900 0.000 0.000 1.879 2.10 0.15 -0.15
714.231 290.266 41.900 0.000 0.000 1.866 2.10 0.15 -0.15
714.434 375.575 41.900 0.000 0.000 1.879 2.10 0.15 -0.15
443.288 228.543 41.900 0.000 0.000 1.842 2.10 0.15 -0.15
761.940 372.908 41.900 0.000 0.000 1.932 2.10 0.15 -0.15
761.924 300.168 41.900 0.000 0.000 1.918 2.10 0.15 -0.15
944.400 353.081 41.900 0.000 0.000 1.937 2.10 0.15 -0.15
