137.632 166.391 41.900 0.000 0.000 1.938 2.10 0.15 -0.15
139.691 246.201 41.900 0.000 0.000 1.966 2.10 0.15 -0.15
240.770 267.027 41.900 0.000 0.000 1.968 2.10 0.15 -0.15
239.881 178.540 41.900 0.000 0.000 1.948 2.10 0.15 -0.15
132.341 309.057 41.900 0.000 0.000 1.975 2.10 0.15 -0.15
189.310 345.606 41.900 0.000 0.000 1.960 2.10 0.15 -0.15
237.341 311.036 41.900 0.000 0.000 1.967 2.10 0.15 -0.15
235.845 398.531 41.900 0.000 0.000 1.977 2.10 0.15 -0.15
135.215 387.106 41.900 0.000 0.000 1.962 2.10 0.15 -0.15
281.813 395.430 41.900 0.000 0.000 2.000 2.10 0.15 -0.15
338.211 353.872 41.900 0.000 0.000 2.054 2.10 0.15 -0.15
397.348 326.491 41.900 0.000 0.000 1.978 2.10 0.15 -0.15
398.951 392.316 41.900 0.000 0.000 1.998 2.10 0.15 -0.15
279.540 314.129 41.900 0.000 0.000 1.980 2.10 0.15 -0.15
281.265 272.351 41.900 0.000 0.000 1.966 2.10 0.15 -0.15
342.596 241.435 41.900 0.000 0.000 2.047 2.10 0.15 -0.15
400.089 218.224 41.900 0.000 0.000 1.984 2.10 0.15 -0.15
399.905 284.222 41.900 0.000 0.000 1.966 2.10 0.15 -0.15
278.730 187.139 41.900 0.000 0.000 1.978 2.10 0.15 -0.15
444.337 387.715 41.900 0.000 0.000 1.963 2.10 0.15 -0.15
572.164 319.042 41.900 0.000 0.000 1.985 2.10 0.15 -0.15
714.231 290.266 41.900 0.000 0.000 1.970 2.10 0.15 -0.15
714.434 375.575 41.900 0.000 0.000 1.988 2.10 0.15 -0.15
443.288 228.543 41.900 0.000 0.000 1.954 2.10 0.15 -0.15
761.940 372.908 41.900 0.000 0.000 2.036 2.10 0.15 -0.15
761.924 300.168 41.900 0.000 0.000 2.026 2.10 0.15 -0.15
944.400 353.081 41.900 0.000 0.000 2.043 2.10 0.15 -0.15
