137.632 166.391 41.900 0.000 0.000 1.844 2.10 0.15 -0.15
139.691 246.201 41.900 0.000 0.000 1.875 2.10 0.15 -0.15
240.770 267.027 41.900 0.000 0.000 0.000 2.10 0.15 -0.15
239.881 178.540 41.900 0.000 0.000 1.846 2.10 0.15 -0.15
132.341 309.057 41.900 0.000 0.000 0.000 2.10 0.15 -0.15
189.310 345.606 41.900 0.000 0.000 1.864 2.10 0.15 -0.15
237.341 311.036 41.900 0.000 0.000 0.000 2.10 0.15 -0.15
235.845 398.531 41.900 0.000 0.000 0.000 2.10 0.15 -0.15
135.215 387.106 41.900 0.000 0.000 0.000 2.10 0.15 -0.15
281.813 395.430 41.900 0.000 0.000 1.920 2.10 0.15 -0.15
338.211 353.872 41.900 0.000 0.000 0.000 2.10 0.15 -0.15
397.348 326.491 41.900 0.000 0.000 0.000 2.10 0.15 -0.15
398.951 392.316 41.900 0.000 0.000 1.918 2.10 0.15 -0.15
279.540 314.129 41.900 0.000 0.000 0.000 2.10 0.15 -0.15
281.265 272.351 41.900 0.000 0.000 0.000 2.10 0.15 -0.15
342.596 241.435 41.900 0.000 0.000 1.910 2.10 0.15 -0.15
400.089 218.224 41.900 0.000 0.000 0.000 2.10 0.15 -0.15
399.905 284.222 41.900 0.000 0.000 0.000 2.10 0.15 -0.15
278.730 187.139 41.900 0.000 0.000 0.000 2.10 0.15 -0.15
