183.594 146.882 42.435 -8.001 -0.965 0.000 3.000
149.783 137.963 42.440 -8.001 -0.965 0.000 3.000
189.032 148.368 42.232 -8.001 -0.965 0.000 3.000
215.962 155.428 42.229 -8.001 -0.965 0.000 3.000
253.429 165.050 42.225 -8.001 -0.965 0.000 3.000
212.591 154.594 42.039 -8.001 -0.965 0.000 3.000
174.066 144.444 42.040 -8.001 -0.965 0.000 3.000
149.143 138.238 44.493 -8.001 -0.965 0.000 3.000
147.012 151.399 140.000 -8.001 -0.939 0.000 3.000
107.961 127.000 109.691 -8.001 1.016 0.000 3.000
121.150 126.203 73.652 -8.001 1.016 6.686 3.000
141.212 133.015 65.439 -8.001 1.016 0.000 3.000
108.762 122.132 78.306 -8.001 1.016 0.000 3.000
137.291 131.719 66.796 -8.001 1.016 0.000 3.000
124.455 127.453 71.609 -8.001 1.016 0.000 3.000
115.325 124.482 74.884 -8.001 1.016 6.701 3.000
144.165 134.173 63.557 -8.001 1.016 6.698 3.000
112.124 123.483 75.831 -8.001 1.016 6.696 3.000
131.563 129.969 68.153 -8.001 1.016 6.696 3.000
130.985 129.821 68.151 -8.001 1.016 6.697 3.000
112.309 123.717 74.911 -8.001 1.016 6.697 3.000
144.167 134.290 63.002 -8.001 1.016 6.697 3.000
114.537 124.506 73.801 -8.001 1.016 0.000 3.000
127.064 128.664 68.940 -8.001 1.016 0.000 3.000
128.471 129.178 68.178 -8.001 1.016 0.000 3.000
113.589 124.368 73.312 -8.001 1.016 0.000 3.000
144.193 134.466 62.197 -8.001 1.016 0.000 3.000
113.256 124.317 73.148 -8.001 1.016 0.000 3.000
129.103 129.531 67.252 -8.001 1.016 0.000 3.000
137.220 132.238 64.217 -8.001 1.016 0.000 3.000
108.714 123.013 73.930 -8.001 1.016 0.000 3.000
141.450 133.677 62.562 -8.001 1.016 0.000 3.000
121.328 127.139 69.324 -8.001 1.016 0.000 3.000
121.067 127.109 69.155 -8.001 1.016 0.000 3.000
141.257 133.733 62.060 -8.001 1.016 0.000 3.000
108.802 123.224 73.013 -8.001 1.016 0.000 3.000
137.301 132.476 63.184 -8.001 1.016 0.000 3.000
128.404 129.638 65.890 -8.001 1.016 0.000 3.000
114.144 125.119 70.344 -8.001 1.016 6.699 3.000
144.180 134.855 60.332 -8.001 1.016 6.698 3.000
111.425 124.309 70.953 -8.001 1.016 6.698 3.000
131.204 130.686 64.280 -8.001 1.016 6.698 3.000
