490.690 -335.628 397.147 -0.004 0.000 1.939 2.10 0.15 -0.15
490.690 -335.628 397.147 -0.004 0.000 1.963 2.10 0.15 -0.15
490.690 -335.628 397.147 -0.004 0.000 1.962 2.10 0.15 -0.15
490.690 -335.628 397.147 -0.004 0.000 1.943 2.10 0.15 -0.15
490.690 -335.628 397.147 -0.004 0.000 1.978 2.10 0.15 -0.15
490.690 -335.628 397.147 -0.004 0.000 1.964 2.10 0.15 -0.15
490.690 -335.628 397.147 -0.004 0.000 1.971 2.10 0.15 -0.15
490.690 -335.628 397.147 -0.004 0.000 1.986 2.10 0.15 -0.15
490.690 -335.628 397.147 -0.004 0.000 1.966 2.10 0.15 -0.15
490.690 -335.628 397.147 -0.004 0.000 1.998 2.10 0.15 -0.15
490.690 -335.628 397.147 -0.004 0.000 2.057 2.10 0.15 -0.15
490.690 -335.628 397.147 -0.004 0.000 1.972 2.10 0.15 -0.15
490.690 -335.628 397.147 -0.004 0.000 1.989 2.10 0.15 -0.15
490.690 -335.628 397.147 -0.004 0.000 1.975 2.10 0.15 -0.15
490.690 -335.628 397.147 -0.004 0.000 1.963 2.10 0.15 -0.15
490.690 -335.628 397.147 -0.004 0.000 2.043 2.10 0.15 -0.15
490.690 -335.628 397.147 -0.004 0.000 1.982 2.10 0.15 -0.15
490.690 -335.628 397.147 -0.004 0.000 1.967 2.10 0.15 -0.15
490.690 -335.628 397.147 -0.004 0.000 1.986 2.10 0.15 -0.15
490.690 -335.628 397.147 -0.004 0.000 1.964 2.10 0.15 -0.15
490.690 -335.628 397.147 -0.004 0.000 1.978 2.10 0.15 -0.15
490.690 -335.628 397.147 -0.004 0.000 1.966 2.10 0.15 -0.15
490.690 -335.628 397.147 -0.004 0.000 1.984 2.10 0.15 -0.15
490.690 -335.628 397.147 -0.004 0.000 1.955 2.10 0.15 -0.15
490.690 -335.628 397.147 -0.004 0.000 2.033 2.10 0.15 -0.15
490.690 -335.628 397.147 -0.004 0.000 2.022 2.10 0.15 -0.15
490.690 -335.628 397.147 -0.004 0.000 2.043 2.10 0.15 -0.15
