75.000 295.000 5.000 0.000 -0.040 3.411 3.50 0.10 -0.10
75.000 225.000 5.000 0.000 -0.040 3.422 3.50 0.10 -0.10
75.000 155.000 5.000 0.000 -0.040 3.421 3.50 0.10 -0.10
75.000 120.000 5.000 0.000 -0.040 3.428 3.50 0.10 -0.10
75.000 45.000 5.000 0.000 -0.040 3.429 3.50 0.10 -0.10
75.000 -5.000 5.000 0.000 -0.040 3.426 3.50 0.10 -0.10
75.000 -85.000 5.000 0.000 -0.040 3.420 3.50 0.10 -0.10
125.000 295.000 4.000 0.000 -0.040 2.251 2.50 0.10 -0.10
125.000 225.000 4.000 0.000 -0.040 2.099 2.50 0.10 -0.10
125.000 155.000 4.000 0.000 -0.040 2.090 2.50 0.10 -0.10
125.000 120.000 4.000 0.000 -0.040 2.445 2.50 0.10 -0.10
125.000 45.000 4.000 0.000 -0.040 2.100 2.50 0.10 -0.10
125.000 -5.000 4.000 0.000 -0.040 2.103 2.50 0.10 -0.10
125.000 -85.000 4.000 0.000 -0.040 2.441 2.50 0.10 -0.10
205.000 295.000 4.000 0.000 -0.040 2.434 2.50 0.10 -0.10
205.000 225.000 4.000 0.000 -0.040 2.434 2.50 0.10 -0.10
275.000 295.000 5.000 0.000 -0.040 3.411 3.50 0.10 -0.10
335.000 295.000 5.000 0.000 -0.040 3.410 3.50 0.10 -0.10
305.000 235.000 5.000 0.000 -0.040 3.411 3.50 0.10 -0.10
415.000 280.000 3.500 0.000 -0.040 1.923 2.00 0.10 -0.10
490.000 280.000 3.500 0.000 -0.040 1.935 2.00 0.10 -0.10
415.000 215.000 3.500 0.000 -0.040 1.934 2.00 0.10 -0.10
490.000 215.000 3.500 0.000 -0.040 1.932 2.00 0.10 -0.10
415.000 135.000 3.500 0.000 -0.040 1.936 2.00 0.10 -0.10
490.000 135.000 3.500 0.000 -0.040 1.939 2.00 0.10 -0.10
415.000 50.000 3.500 0.000 -0.040 1.958 2.00 0.10 -0.10
490.000 50.000 3.500 0.000 -0.040 2.349 2.00 0.10 -0.10
415.000 -5.000 3.500 0.000 -0.040 1.935 2.00 0.10 -0.10
490.000 -5.000 3.500 0.000 -0.040 1.946 2.00 0.10 -0.10
205.000 -85.000 3.500 0.000 -0.040 1.928 2.00 0.10 -0.10
285.000 -85.000 3.500 0.000 -0.040 1.928 2.00 0.10 -0.10
330.000 -85.000 3.500 0.000 -0.040 1.941 2.00 0.10 -0.10
415.000 -85.000 3.500 0.000 -0.040 1.941 2.00 0.10 -0.10
490.000 -85.000 3.500 0.000 -0.040 1.934 2.00 0.10 -0.10
600.000 275.000 3.500 0.000 -0.040 3.277 1.70 0.10 -0.10
715.000 275.000 3.500 0.000 -0.040 3.292 1.70 0.10 -0.10
600.000 225.000 3.500 0.000 -0.040 1.646 1.70 0.10 -0.10
715.000 225.000 3.500 0.000 -0.040 1.665 1.70 0.10 -0.10
600.000 135.000 3.500 0.000 -0.040 1.646 1.70 0.10 -0.10
715.000 135.000 3.500 0.000 -0.040 1.667 1.70 0.10 -0.10
600.000 45.000 3.500 0.000 -0.040 1.659 1.70 0.10 -0.10
715.000 45.000 3.500 0.000 -0.040 1.671 1.70 0.10 -0.10
600.000 -5.000 3.500 0.000 -0.040 1.658 1.70 0.10 -0.10
715.000 -5.000 3.500 0.000 -0.040 1.677 1.70 0.10 -0.10
600.000 -85.000 3.500 0.000 -0.040 1.661 1.70 0.10 -0.10
715.000 -85.000 3.500 0.000 -0.040 1.669 1.70 0.10 -0.10
775.000 275.000 4.000 0.000 -0.040 2.438 2.50 0.10 -0.10
775.000 225.000 4.000 0.000 -0.040 2.098 2.50 0.10 -0.10
775.000 135.000 4.000 0.000 -0.040 2.097 2.50 0.10 -0.10
775.000 45.000 4.000 0.000 -0.040 2.103 2.50 0.10 -0.10
775.000 -5.000 4.000 0.000 -0.040 2.107 2.50 0.10 -0.10
775.000 -85.000 4.000 0.000 -0.040 2.460 2.50 0.10 -0.10
825.000 275.000 3.500 0.000 -0.040 1.641 1.70 0.10 -0.10
825.000 225.000 3.500 0.000 -0.040 1.661 1.70 0.10 -0.10
825.000 135.000 3.500 0.000 -0.040 1.664 1.70 0.10 -0.10
825.000 45.000 3.500 0.000 -0.040 1.674 1.70 0.10 -0.10
825.000 -5.000 3.500 0.000 -0.040 1.676 1.70 0.10 -0.10
955.000 45.000 3.500 0.000 -0.040 1.682 1.70 0.10 -0.10
955.000 -5.000 3.500 0.000 -0.040 1.678 1.70 0.10 -0.10
825.000 -85.000 3.500 0.000 -0.040 1.673 1.70 0.10 -0.10
955.000 -85.000 3.500 0.000 -0.040 1.683 1.70 0.10 -0.10
1045.000 235.000 3.500 0.000 -0.040 1.662 1.70 0.10 -0.10
1125.000 235.000 3.500 0.000 -0.040 1.680 1.70 0.10 -0.10
1045.000 135.000 3.500 0.000 -0.040 1.672 1.70 0.10 -0.10
1125.000 135.000 3.500 0.000 -0.040 1.683 1.70 0.10 -0.10
1045.000 45.000 3.500 0.000 -0.040 1.679 1.70 0.10 -0.10
1125.000 45.000 3.500 0.000 -0.040 1.691 1.70 0.10 -0.10
1045.000 -5.000 3.500 0.000 -0.040 1.681 1.70 0.10 -0.10
1125.000 -5.000 3.500 0.000 -0.040 1.690 1.70 0.10 -0.10
1045.000 -85.000 3.500 0.000 -0.040 1.680 1.70 0.10 -0.10
1125.000 -85.000 3.500 0.000 -0.040 1.687 1.70 0.10 -0.10
1200.000 235.000 3.500 0.000 -0.040 1.672 1.70 0.10 -0.10
1280.000 235.000 3.500 0.000 -0.040 1.684 1.70 0.10 -0.10
1200.000 135.000 3.500 0.000 -0.040 1.679 1.70 0.10 -0.10
1280.000 135.000 3.500 0.000 -0.040 1.688 1.70 0.10 -0.10
1200.000 45.000 3.500 0.000 -0.040 1.687 1.70 0.10 -0.10
1280.000 45.000 3.500 0.000 -0.040 1.697 1.70 0.10 -0.10
1200.000 -5.000 3.500 0.000 -0.040 1.688 1.70 0.10 -0.10
1280.000 -5.000 3.500 0.000 -0.040 1.696 1.70 0.10 -0.10
1200.000 -85.000 3.500 0.000 -0.040 1.690 1.70 0.10 -0.10
1280.000 -85.000 3.500 0.000 -0.040 1.693 1.70 0.10 -0.10
1370.000 -85.000 3.500 0.000 -0.040 1.697 1.70 0.10 -0.10
1450.000 -85.000 3.500 0.000 -0.040 1.694 1.70 0.10 -0.10
1370.000 45.000 3.500 0.000 -0.040 1.693 1.70 0.10 -0.10
1450.000 45.000 3.500 0.000 -0.040 1.699 1.70 0.10 -0.10
1370.000 -5.000 3.500 0.000 -0.040 1.693 1.70 0.10 -0.10
1450.000 -5.000 3.500 0.000 -0.040 1.709 1.70 0.10 -0.10
1370.000 200.000 5.000 0.000 -0.040 3.450 3.50 0.10 -0.10
1425.000 200.000 5.000 0.000 -0.040 3.460 3.50 0.10 -0.10
1370.000 130.000 5.000 0.000 -0.040 3.459 3.50 0.10 -0.10
1425.000 130.000 5.000 0.000 -0.040 3.472 3.50 0.10 -0.10
1470.000 190.000 4.000 0.000 -0.040 2.099 2.50 0.10 -0.10
1470.000 140.000 4.000 0.000 -0.040 2.470 2.50 0.10 -0.10
182.500 132.500 4.500 0.000 -0.040 2.933 3.00 0.10 -0.10
185.000 30.000 4.500 0.000 -0.040 2.938 3.00 0.10 -0.10
220.000 -10.000 4.500 0.000 -0.040 2.942 3.00 0.10 -0.10
290.000 -10.000 4.500 0.000 -0.040 2.932 3.00 0.10 -0.10
330.000 45.000 4.500 0.000 -0.040 2.932 3.00 0.10 -0.10
330.000 125.000 4.500 0.000 -0.040 2.931 3.00 0.10 -0.10
300.000 165.000 4.500 0.000 -0.040 2.931 3.00 0.10 -0.10
215.000 165.000 4.500 0.000 -0.040 2.926 3.00 0.10 -0.10
